%YAML:1.0
sample_0:
   ferry: !!opencv-matrix
      rows: 4
      cols: 1
      dt: "2f"
      data: [ 9.04545471e+02, 3.98181824e+02, 7.05454529e+02,
          5.38181824e+02, 7.86363647e+02, 6.23636353e+02, 9.86363647e+02,
          4.93636353e+02 ]
sample_1:
   ferry: !!opencv-matrix
      rows: 4
      cols: 1
      dt: "2f"
      data: [ 6.94545471e+02, 530., 780., 6.21818176e+02, 9.87272705e+02,
          490., 8.94545471e+02, 3.84545441e+02 ]
sample_2:
   ferry: !!opencv-matrix
      rows: 4
      cols: 1
      dt: "2f"
      data: [ 8.82727295e+02, 3.87272736e+02, 6.88181824e+02,
          5.36363647e+02, 7.72727295e+02, 6.15454529e+02, 9.67272705e+02,
          4.85454559e+02 ]
sample_3:
   ferry: !!opencv-matrix
      rows: 4
      cols: 1
      dt: "2f"
      data: [ 8.68181824e+02, 3.85454559e+02, 690., 5.31818176e+02,
          7.65454529e+02, 6.14545471e+02, 9.58181824e+02, 4.68181824e+02 ]
sample_4:
   ferry: !!opencv-matrix
      rows: 4
      cols: 1
      dt: "2f"
      data: [ 8.63636353e+02, 3.73636353e+02, 6.72727295e+02,
          5.38181824e+02, 7.61818176e+02, 6.14545471e+02, 9.48181824e+02,
          4.64545441e+02 ]
sample_5:
   ferry: !!opencv-matrix
      rows: 4
      cols: 1
      dt: "2f"
      data: [ 8.42727295e+02, 3.71818176e+02, 6.65454529e+02,
          5.39090881e+02, 7.56363647e+02, 6.13636353e+02, 9.42727295e+02,
          4.57272736e+02 ]
sample_6:
   ferry: !!opencv-matrix
      rows: 4
      cols: 1
      dt: "2f"
      data: [ 8.32727295e+02, 3.70909088e+02, 6.55454529e+02,
          5.38181824e+02, 7.51818176e+02, 6.15454529e+02, 9.32727295e+02,
          4.56363647e+02 ]
sample_7:
   ferry: !!opencv-matrix
      rows: 4
      cols: 1
      dt: "2f"
      data: [ 8.15454529e+02, 3.68181824e+02, 6.53636353e+02,
          5.49090881e+02, 7.48181824e+02, 6.13636353e+02, 9.14545471e+02,
          450. ]
sample_8:
   ferry: !!opencv-matrix
      rows: 4
      cols: 1
      dt: "2f"
      data: [ 8.15454529e+02, 3.60909088e+02, 6.46363647e+02,
          5.41818176e+02, 7.51818176e+02, 6.19090881e+02, 9.19090881e+02,
          4.46363647e+02 ]
sample_9:
   ferry: !!opencv-matrix
      rows: 4
      cols: 1
      dt: "2f"
      data: [ 8.10909119e+02, 3.67272736e+02, 6.43636353e+02,
          5.44545471e+02, 7.48181824e+02, 6.19090881e+02, 9.18181824e+02,
          4.40909088e+02 ]
sample_10:
   ferry: !!opencv-matrix
      rows: 4
      cols: 1
      dt: "2f"
      data: [ 800., 3.68181824e+02, 6.37272705e+02, 5.51818176e+02,
          7.46363647e+02, 6.20909119e+02, 9.00909119e+02, 4.40909088e+02 ]
sample_11:
   ferry: !!opencv-matrix
      rows: 4
      cols: 1
      dt: "2f"
      data: [ 7.82727295e+02, 3.67272736e+02, 6.30909119e+02, 550.,
          7.36363647e+02, 620., 8.92727295e+02, 4.39090912e+02 ]
sample_12:
   ferry: !!opencv-matrix
      rows: 4
      cols: 1
      dt: "2f"
      data: [ 7.68181824e+02, 3.67272736e+02, 6.21818176e+02,
          5.57272705e+02, 7.34545471e+02, 6.20909119e+02, 8.79090881e+02,
          4.39090912e+02 ]
sample_13:
   ferry: !!opencv-matrix
      rows: 4
      cols: 1
      dt: "2f"
      data: [ 7.66363647e+02, 3.67272736e+02, 6.16363647e+02,
          5.59090881e+02, 7.27272705e+02, 6.20909119e+02, 8.77272705e+02,
          4.32727264e+02 ]
sample_14:
   ferry: !!opencv-matrix
      rows: 4
      cols: 1
      dt: "2f"
      data: [ 7.59090881e+02, 3.67272736e+02, 610., 5.61818176e+02,
          7.26363647e+02, 6.21818176e+02, 8.66363647e+02, 4.36363647e+02 ]
sample_15:
   ferry: !!opencv-matrix
      rows: 4
      cols: 1
      dt: "2f"
      data: [ 7.70909119e+02, 3.46363647e+02, 6.09090881e+02,
          5.62727295e+02, 7.22727295e+02, 6.22727295e+02, 8.87272705e+02,
          4.15454559e+02 ]
sample_16:
   ferry: !!opencv-matrix
      rows: 4
      cols: 1
      dt: "2f"
      data: [ 7.51818176e+02, 3.50909088e+02, 6.03636353e+02,
          5.58181824e+02, 7.23636353e+02, 620., 8.78181824e+02,
          4.15454559e+02 ]
