%YAML:1.0
sample_0:
   jequitaia: !!opencv-matrix
      rows: 16
      cols: 1
      dt: "2f"
      data: [ 1.01022900e+03, 1.47874100e+02, 9.41416321e+02,
          2.76714905e+02, 888., 405., 856., 489., 825., 609., 798., 767.,
          799., 813., 810., 826., 875., 782., 957., 688., 1009., 602.,
          1059., 487., 1081., 320., 1090., 195., 1.07677905e+03,
          1.41085999e+02, 1.03951099e+03, 1.23782997e+02 ]
sample_1:
   jequitaia: !!opencv-matrix
      rows: 28
      cols: 1
      dt: "2f"
      data: [ 9.76953979e+02, 1.37093002e+02, 9.38354980e+02,
          1.92994995e+02, 9.01086975e+02, 2.66200012e+02, 8.87776978e+02,
          3.07460999e+02, 8.66481018e+02, 3.70018005e+02, 8.41192017e+02,
          4.52540009e+02, 8.25219971e+02, 5.08441986e+02, 8.07916992e+02,
          5.76322998e+02, 7.98599976e+02, 6.33556030e+02, 7.98599976e+02,
          6.90789001e+02, 7.98599976e+02, 7.45359985e+02, 7.95937988e+02,
          8.09247986e+02, 8.10578979e+02, 8.25219971e+02, 8.63818970e+02,
          7.98599976e+02, 9.01086975e+02, 7.63994019e+02, 9.31700012e+02,
          7.06760986e+02, 9.67637024e+02, 6.48197021e+02, 1.00224298e+03,
          5.85640015e+02, 1.02087701e+03, 5.32400024e+02, 1.03818005e+03,
          4.88476990e+02, 1.03951099e+03, 4.40561005e+02, 1.06080701e+03,
          3.84658997e+02, 1.06746204e+03, 3.34080994e+02, 1.06746204e+03,
          2.80841003e+02, 1.07012402e+03, 2.19615005e+02, 1.07012402e+03,
          1.63712997e+02, 1.06080701e+03, 1.31768997e+02, 1.02753198e+03,
          1.14466003e+02 ]
sample_2:
   jequitaia: !!opencv-matrix
      rows: 12
      cols: 1
      dt: "2f"
      data: [ 9.15728027e+02, 1.70367996e+02, 8.65150024e+02,
          3.19440002e+02, 8.06585999e+02, 5.05779999e+02, 7.79966003e+02,
          6.81471985e+02, 7.94606995e+02, 8.33205994e+02, 8.75797974e+02,
          7.79966003e+02, 9.52995972e+02, 6.45534973e+02, 1.00756702e+03,
          4.99125000e+02, 1.03019397e+03, 3.16778015e+02, 1.03152502e+03,
          1.98319000e+02, 1.00091199e+03, 1.03818001e+02, 9.33031006e+02,
          1.35761993e+02 ]
sample_3:
   jequitaia: !!opencv-matrix
      rows: 13
      cols: 1
      dt: "2f"
      data: [ 8.75797974e+02, 2.02311996e+02, 8.45184998e+02,
          2.79510010e+02, 7.97268982e+02, 4.59195007e+02, 7.70648987e+02,
          5.93625977e+02, 7.63994019e+02, 7.57338989e+02, 7.79966003e+02,
          8.30544006e+02, 8.05255005e+02, 8.35867981e+02, 8.95763000e+02,
          7.38705017e+02, 9.63643982e+02, 5.32400024e+02, 9.88932983e+02,
          3.97968994e+02, 9.92926025e+02, 2.59545013e+02, 9.64974976e+02,
          1.53065002e+02, 9.15728027e+02, 1.39755005e+02 ]
sample_4:
   jequitaia: !!opencv-matrix
      rows: 14
      cols: 1
      dt: "2f"
      data: [ 8.69143005e+02, 1.43748001e+02, 8.26551025e+02,
          2.31593994e+02, 7.66656006e+02, 4.69842987e+02, 7.53346008e+02,
          5.74992004e+02, 7.52015015e+02, 6.89458008e+02, 7.58669983e+02,
          8.06585999e+02, 7.86620972e+02, 8.43854004e+02, 8.45184998e+02,
          7.99931030e+02, 9.22382996e+02, 6.34887024e+02, 9.70299011e+02,
          4.53871002e+02, 9.68968018e+02, 2.92820007e+02, 9.56989014e+02,
          1.73029999e+02, 9.52995972e+02, 1.31768997e+02, 9.15728027e+02,
          9.98249969e+01 ]
sample_5:
   jequitaia: !!opencv-matrix
      rows: 22
      cols: 1
      dt: "2f"
      data: [ 8.22557983e+02, 1.54395996e+02, 8.10578979e+02,
          1.77022995e+02, 7.89283020e+02, 2.30263000e+02, 7.79966003e+02,
          2.83502991e+02, 7.65325012e+02, 3.42066986e+02, 7.61331970e+02,
          3.89983002e+02, 7.52015015e+02, 4.52540009e+02, 7.48021973e+02,
          4.96463013e+02, 7.40036011e+02, 5.60351013e+02, 7.29388000e+02,
          6.18914978e+02, 7.26726013e+02, 6.68161987e+02, 7.45359985e+02,
          7.28057007e+02, 7.56007996e+02, 8.25219971e+02, 7.77304016e+02,
          8.43854004e+02, 8.37198975e+02, 7.99931030e+02, 8.81122009e+02,
          7.14747009e+02, 9.13065979e+02, 5.72330017e+02, 9.33031006e+02,
          4.28582001e+02, 9.38354980e+02, 2.99475006e+02, 9.18390015e+02,
          2.07636002e+02, 8.90439026e+02, 1.51733994e+02, 8.54502014e+02,
          1.30438004e+02 ]
sample_6:
   jequitaia: !!opencv-matrix
      rows: 19
      cols: 1
      dt: "2f"
      data: [ 7.95937988e+02, 1.41085999e+02, 7.74642029e+02,
          1.74360992e+02, 7.57338989e+02, 2.44904007e+02, 7.45359985e+02,
          2.98144012e+02, 7.33380981e+02, 3.64694000e+02, 7.30718994e+02,
          4.01962006e+02, 7.29388000e+02, 4.95131989e+02, 7.18739990e+02,
          6.18914978e+02, 7.21401978e+02, 7.25395020e+02, 7.42697998e+02,
          8.11909973e+02, 7.66656006e+02, 8.51840027e+02, 8.07916992e+02,
          8.49177979e+02, 8.63818970e+02, 7.38705017e+02, 8.97093994e+02,
          6.13591003e+02, 9.19721008e+02, 4.88476990e+02, 9.06411011e+02,
          3.58039001e+02, 8.83783997e+02, 2.19615005e+02, 8.67812012e+02,
          1.38423996e+02, 8.19895996e+02, 1.22452003e+02 ]
sample_7:
   jequitaia: !!opencv-matrix
      rows: 13
      cols: 1
      dt: "2f"
      data: [ 7.67987000e+02, 1.59720001e+02, 7.42697998e+02,
          2.11628998e+02, 7.21401978e+02, 3.18109009e+02, 7.08091980e+02,
          4.72505005e+02, 7.12085022e+02, 6.52190002e+02, 7.31654663e+02,
          7.88344666e+02, 7.68857483e+02, 8.64521790e+02, 8.06060242e+02,
          8.29090576e+02, 8.51840027e+02, 7.63994019e+02, 8.89107971e+02,
          6.05604980e+02, 8.94432007e+02, 3.66024994e+02, 8.55833008e+02,
          1.98319000e+02, 8.14572021e+02, 1.46410004e+02 ]
sample_8:
   jequitaia: !!opencv-matrix
      rows: 13
      cols: 1
      dt: "2f"
      data: [ 7.12085022e+02, 1.95656998e+02, 6.94781982e+02,
          3.11454010e+02, 6.94451904e+02, 4.46433380e+02, 6.94451904e+02,
          6.14731689e+02, 7.05081299e+02, 7.05081299e+02, 7.33426270e+02,
          7.91887756e+02, 8.22004333e+02, 7.93659302e+02, 8.53171021e+02,
          7.34711975e+02, 8.75797974e+02, 5.52364990e+02, 8.70473999e+02,
          4.19265015e+02, 8.50508972e+02, 2.59545013e+02, 7.98599976e+02,
          1.53065002e+02, 7.52015015e+02, 1.49072006e+02 ]
sample_9:
   jequitaia: !!opencv-matrix
      rows: 14
      cols: 1
      dt: "2f"
      data: [ 7.02768005e+02, 1.74360992e+02, 6.73486023e+02,
          2.40910995e+02, 6.72155029e+02, 3.43398010e+02, 6.70823975e+02,
          4.84484009e+02, 6.81471985e+02, 6.29562988e+02, 7.10754028e+02,
          7.46690979e+02, 7.26726013e+02, 8.47846985e+02, 8.07916992e+02,
          8.42523010e+02, 8.30544006e+02, 7.82627991e+02, 8.59825989e+02,
          6.52190002e+02, 8.62487976e+02, 4.87145996e+02, 8.34536987e+02,
          3.35411987e+02, 8.10578979e+02, 2.44904007e+02, 7.67987000e+02,
          1.57057999e+02 ]
sample_10:
   jequitaia: !!opencv-matrix
      rows: 13
      cols: 1
      dt: "2f"
      data: [ 7.10754028e+02, 1.66375000e+02, 6.76148010e+02,
          1.92994995e+02, 6.49528015e+02, 2.50227997e+02, 6.45534973e+02,
          3.79334991e+02, 6.54851990e+02, 5.43047974e+02, 6.88127014e+02,
          7.41367004e+02, 7.46690979e+02, 8.55833008e+02, 8.27882019e+02,
          8.37198975e+02, 8.37198975e+02, 7.13416016e+02, 8.46515991e+02,
          5.15096985e+02, 8.27882019e+02, 3.81997009e+02, 7.78635010e+02,
          2.42242004e+02, 7.45359985e+02, 1.71699005e+02 ]
