%YAML:1.0
sample_0:
   jequitaia: !!opencv-matrix
      rows: 22
      cols: 1
      dt: "2f"
      data: [ 5.57700012e+02, 4.47700012e+02, 6.02799988e+02,
          3.97100006e+02, 6.57799988e+02, 3.69600006e+02, 7.74400024e+02,
          341., 9.17400024e+02, 3.22299988e+02, 1.07250000e+03,
          3.24500000e+02, 1.16930005e+03, 3.32200012e+02, 1.27269995e+03,
          3.58600006e+02, 1.32880005e+03, 3.81700012e+02, 1353., 396.,
          1.35519995e+03, 4.21299988e+02, 1.26390002e+03, 4.43299988e+02,
          1.17480005e+03, 4.70799988e+02, 1.08350000e+03, 4.90600006e+02,
          9.82299988e+02, 4.90600006e+02, 9.33900024e+02, 5.02700012e+02,
          8.67900024e+02, 4.99399994e+02, 7.72200012e+02, 5.00500000e+02,
          7.32599976e+02, 506., 6.69900024e+02, 4.99399994e+02,
          6.13799988e+02, 4.86200012e+02, 5.77500000e+02, 4.74100006e+02 ]
sample_1:
   jequitaia: !!opencv-matrix
      rows: 35
      cols: 1
      dt: "2f"
      data: [ 5.32400024e+02, 4.68600006e+02, 5.59900024e+02,
          4.87299988e+02, 6.01700012e+02, 4.97200012e+02, 6.44599976e+02,
          4.97200012e+02, 7.12799988e+02, 5.11500000e+02, 748.,
          5.09299988e+02, 8.06299988e+02, 4.98299988e+02, 8.55799988e+02,
          4.98299988e+02, 8.78900024e+02, 5.09299988e+02, 957.,
          5.03799988e+02, 9.65799988e+02, 4.88399994e+02, 1.02959998e+03,
          4.87299988e+02, 1.08459998e+03, 4.76299988e+02, 1.14069995e+03,
          4.75200012e+02, 1.18359998e+03, 4.56500000e+02, 1.22980005e+03,
          4.35600006e+02, 1.28259998e+03, 418., 1.32659998e+03,
          4.08100006e+02, 1.32550000e+03, 3.79500000e+02, 1.30790002e+03,
          363., 1.25509998e+03, 3.49799988e+02, 1.19569995e+03,
          3.31100006e+02, 1.13630005e+03, 3.21200012e+02, 1.08459998e+03,
          3.16799988e+02, 1.00209998e+03, 3.23399994e+02, 9.50400024e+02,
          3.21200012e+02, 9.14099976e+02, 3.17899994e+02, 8.73400024e+02,
          3.25600006e+02, 847., 3.26700012e+02, 7.95299988e+02,
          3.37700012e+02, 7.57900024e+02, 3.45399994e+02, 6.99599976e+02,
          3.59700012e+02, 6.40200012e+02, 3.78399994e+02, 572.,
          4.19100006e+02, 5.43400024e+02, 4.52100006e+02 ]
sample_2:
   jequitaia: !!opencv-matrix
      rows: 34
      cols: 1
      dt: "2f"
      data: [ 5.12599976e+02, 4.97200012e+02, 5.42299988e+02,
          5.11500000e+02, 5.68700012e+02, 5.11500000e+02, 6.39099976e+02,
          5.15900024e+02, 6.78700012e+02, 5.25799988e+02, 7.30400024e+02,
          5.29099976e+02, 759., 517., 7.94200012e+02, 5.07100006e+02,
          8.54700012e+02, 506., 8.93200012e+02, 5.07100006e+02,
          9.39400024e+02, 5.04899994e+02, 9.87799988e+02, 4.90600006e+02,
          1.04830005e+03, 4.80700012e+02, 1.09559998e+03, 4.68600006e+02,
          1.15280005e+03, 4.54299988e+02, 1.20340002e+03, 4.37799988e+02,
          1243., 4.09200012e+02, 1.29469995e+03, 4.04799988e+02, 1309.,
          3.82799988e+02, 1.29359998e+03, 3.61899994e+02, 1.24409998e+03,
          3.35500000e+02, 1.17590002e+03, 3.16799988e+02, 1.09340002e+03,
          3.20100006e+02, 1.01970001e+03, 3.23399994e+02, 968.,
          3.23399994e+02, 880., 3.36600006e+02, 8.33799988e+02,
          3.37700012e+02, 7.68900024e+02, 3.55299988e+02, 726.,
          3.59700012e+02, 6.84200012e+02, 3.75100006e+02, 6.31400024e+02,
          3.93799988e+02, 5.75299988e+02, 4.20200012e+02, 5.41200012e+02,
          4.44399994e+02, 5.19200012e+02, 4.66399994e+02 ]
sample_3:
   jequitaia: !!opencv-matrix
      rows: 30
      cols: 1
      dt: "2f"
      data: [ 4.89500000e+02, 517., 5.54400024e+02, 539., 6.07200012e+02,
          5.41200012e+02, 6.74299988e+02, 5.43400024e+02, 7.44700012e+02,
          5.36799988e+02, 7.89799988e+02, 5.22500000e+02, 8.34900024e+02,
          5.19200012e+02, 8.94299988e+02, 5.08200012e+02, 9.48200012e+02,
          5.00500000e+02, 1.02740002e+03, 4.81799988e+02, 1.09450000e+03,
          4.65299988e+02, 1.15719995e+03, 4.41100006e+02, 1.19459998e+03,
          4.15799988e+02, 1.23750000e+03, 3.99299988e+02, 1.27050000e+03,
          3.81700012e+02, 1.26940002e+03, 363., 1.24740002e+03,
          3.48700012e+02, 1.21550000e+03, 3.33299988e+02, 1.15940002e+03,
          3.25600006e+02, 1.07909998e+03, 3.20100006e+02, 1001.,
          3.26700012e+02, 9.41599976e+02, 3.34399994e+02, 8.73400024e+02,
          3.46500000e+02, 8.17299988e+02, 352., 7.61200012e+02,
          3.67399994e+02, 7.17200012e+02, 3.78399994e+02, 6.63299988e+02,
          3.91600006e+02, 5.84099976e+02, 4.21299988e+02, 5.15900024e+02,
          4.66399994e+02, 4.90600006e+02, 4.89500000e+02 ]
sample_4:
   jequitaia: !!opencv-matrix
      rows: 29
      cols: 1
      dt: "2f"
      data: [ 4.64200012e+02, 5.42299988e+02, 5.14799988e+02,
          5.59900024e+02, 5.65400024e+02, 5.54400024e+02, 6.11599976e+02,
          5.55500000e+02, 6.69900024e+02, 550., 7.38099976e+02,
          5.47799988e+02, 8.06299988e+02, 5.35700012e+02, 8.73400024e+02,
          5.25799988e+02, 9.10799988e+02, 5.03799988e+02, 9.66900024e+02,
          4.96100006e+02, 1.04059998e+03, 4.75200012e+02, 1078.,
          4.55399994e+02, 1.12090002e+03, 4.26799988e+02, 1.15940002e+03,
          4.14700012e+02, 1.19569995e+03, 396., 1.24519995e+03,
          3.59700012e+02, 1.23530005e+03, 3.39899994e+02, 1.20559998e+03,
          3.25600006e+02, 1.16269995e+03, 3.22299988e+02, 1.10769995e+03,
          3.15700012e+02, 1.03069995e+03, 3.12399994e+02, 9.38299988e+02,
          3.22299988e+02, 8.84400024e+02, 3.33299988e+02, 8.12900024e+02,
          352., 7.52400024e+02, 3.67399994e+02, 6.74299988e+02, 385.,
          5.95099976e+02, 4.14700012e+02, 517., 4.53200012e+02,
          4.68600006e+02, 4.91700012e+02 ]
sample_5:
   jequitaia: !!opencv-matrix
      rows: 30
      cols: 1
      dt: "2f"
      data: [ 4.45500000e+02, 5.68700012e+02, 4.82899994e+02,
          5.77500000e+02, 5.35700012e+02, 5.74200012e+02, 6.06099976e+02,
          5.77500000e+02, 638., 5.68700012e+02, 6.79799988e+02, 561.,
          7.24900024e+02, 5.48900024e+02, 792., 5.44500000e+02,
          8.62400024e+02, 5.23599976e+02, 8.82200012e+02, 5.08200012e+02,
          935., 4.96100006e+02, 1.00870001e+03, 473., 1.04940002e+03,
          4.46600006e+02, 1.09780005e+03, 429., 1.14069995e+03,
          4.03700012e+02, 1.18690002e+03, 3.80600006e+02, 1.21659998e+03,
          3.53100006e+02, 1.20559998e+03, 3.35500000e+02, 1.17919995e+03,
          3.21200012e+02, 1.11430005e+03, 3.14600006e+02, 9.98799988e+02,
          3.20100006e+02, 9.31700012e+02, 3.26700012e+02, 8.72299988e+02,
          3.42100006e+02, 792., 363., 7.27099976e+02, 385.,
          6.79799988e+02, 3.99299988e+02, 5.92900024e+02, 4.31200012e+02,
          5.45599976e+02, 451., 473., 5.00500000e+02, 4.55399994e+02,
          5.41200012e+02 ]
