%YAML:1.0
sample_0:
   jequitaia: !!opencv-matrix
      rows: 20
      cols: 1
      dt: "2f"
      data: [ 5.59020020e+02, 7.56007996e+02, 6.20245972e+02,
          7.18739990e+02, 7.06760986e+02, 6.62838013e+02, 7.78635010e+02,
          5.86971008e+02, 8.51840027e+02, 4.99125000e+02, 8.77129028e+02,
          4.59195007e+02, 9.26375977e+02, 3.51384003e+02, 9.60981995e+02,
          2.80841003e+02, 9.70299011e+02, 2.04973999e+02, 9.71630005e+02,
          1.43748001e+02, 9.14396973e+02, 1.31768997e+02, 8.58494995e+02,
          1.79684998e+02, 7.78635010e+02, 2.67531006e+02, 7.41367004e+02,
          3.27425995e+02, 7.12085022e+02, 3.58039001e+02, 6.86796021e+02,
          4.17933990e+02, 6.34887024e+02, 5.01786987e+02, 5.98950012e+02,
          5.61682007e+02, 5.63013000e+02, 6.61507019e+02, 5.48372009e+02,
          7.30718994e+02 ]
sample_1:
   jequitaia: !!opencv-matrix
      rows: 22
      cols: 1
      dt: "2f"
      data: [ 9.01086975e+02, 1.49072006e+02, 825., 244., 773., 313.,
          733., 351., 703., 405., 644., 507., 610., 567., 582., 627.,
          564., 675., 554., 725., 551., 755., 555., 760., 686., 678.,
          764., 623., 815., 549., 875., 461., 902., 392., 960., 287.,
          978., 196., 984., 145., 955., 128., 927., 138. ]
sample_2:
   jequitaia: !!opencv-matrix
      rows: 33
      cols: 1
      dt: "2f"
      data: [ 7.42445129e+02, 3.30154541e+02, 709., 405., 679., 454.,
          645., 505., 616., 554., 592., 603., 567., 629., 562., 683.,
          549., 721., 558., 745., 578., 745., 616., 723., 650., 702.,
          688., 675., 727., 646., 798., 574., 8.45517761e+02,
          5.13752686e+02, 881., 473., 9.01885620e+02, 4.36448212e+02,
          9.05106628e+02, 3.99406494e+02, 9.34095825e+02, 3.60754242e+02,
          959., 322., 974., 291., 989., 250., 995., 232., 1001., 185.,
          998., 147., 962., 134., 935., 139., 872., 178., 830., 227.,
          799., 257., 7.69823792e+02, 2.96333832e+02 ]
sample_3:
   jequitaia: !!opencv-matrix
      rows: 19
      cols: 1
      dt: "2f"
      data: [ 8.45517761e+02, 2.27081909e+02, 7.95591919e+02,
          2.93112823e+02, 7.36003052e+02, 3.72027802e+02, 6.94129822e+02,
          4.31616669e+02, 6.31319946e+02, 5.23415771e+02, 5.78173096e+02,
          6.37761963e+02, 5.65289001e+02, 6.97350830e+02, 5.66899536e+02,
          7.24729492e+02, 6.74803711e+02, 6.87687744e+02, 7.44055603e+02,
          6.40982971e+02, 8.24581116e+02, 5.49183899e+02, 8.84169983e+02,
          4.76710968e+02, 9.21211731e+02, 4.07459015e+02, 9.63084961e+02,
          3.18880981e+02, 9.80800598e+02, 2.81839264e+02, 9.90463623e+02,
          1.90040176e+02, 9.64695496e+02, 1.48166916e+02, 9.13159180e+02,
          1.46556412e+02, 8.80948975e+02, 1.73935074e+02 ]
sample_4:
   jequitaia: !!opencv-matrix
      rows: 24
      cols: 1
      dt: "2f"
      data: [ 9.38927307e+02, 1.48166916e+02, 9.05106628e+02,
          1.78766617e+02, 8.56791321e+02, 2.23860886e+02, 8.11697021e+02,
          2.80228729e+02, 7.71434265e+02, 3.28544037e+02, 7.50497681e+02,
          3.60754242e+02, 6.97350830e+02, 4.26785156e+02, 6.53867065e+02,
          4.97647583e+02, 6.11993774e+02, 5.62067993e+02, 5.89446655e+02,
          6.08772766e+02, 5.65289001e+02, 6.73193176e+02, 5.54015442e+02,
          7.18287476e+02, 5.60457458e+02, 7.37613586e+02, 5.97499207e+02,
          7.26340027e+02, 6.60309082e+02, 6.92519287e+02, 7.37613586e+02,
          6.49035522e+02, 7.98812988e+02, 5.97499207e+02, 8.42296753e+02,
          5.36299805e+02, 8.93833069e+02, 4.58995361e+02, 9.35706299e+02,
          3.73638306e+02, 9.71137512e+02, 3.04386383e+02, 9.87242615e+02,
          2.64123627e+02, 9.88853149e+02, 2.09366302e+02, 9.87242615e+02,
          1.51387939e+02 ]
sample_5:
   jequitaia: !!opencv-matrix
      rows: 24
      cols: 1
      dt: "2f"
      data: [ 8.92222534e+02, 1.93261200e+02, 8.13307556e+02,
          2.81839264e+02, 7.85928894e+02, 2.99554871e+02, 7.37613586e+02,
          3.14049438e+02, 7.26340027e+02, 3.88132904e+02, 7.00571838e+02,
          4.38058716e+02, 6.39372498e+02, 5.15363220e+02, 6.03941223e+02,
          5.66899536e+02, 5.81394104e+02, 6.24877869e+02, 5.68510010e+02,
          6.89298279e+02, 5.73341553e+02, 7.37613586e+02, 6.26488403e+02,
          7.21508484e+02, 7.19897949e+02, 6.61919617e+02, 7.84318359e+02,
          6.03941223e+02, 8.42296753e+02, 5.49183899e+02, 8.82559509e+02,
          4.91205536e+02, 8.98664551e+02, 4.46111267e+02, 9.19601196e+02,
          4.12290558e+02, 9.77579590e+02, 3.28544037e+02, 1.00012671e+03,
          2.86670776e+02, 1.01140027e+03, 2.30302933e+02, 1.01301080e+03,
          1.96482224e+02, 9.95295166e+02, 1.51387939e+02, 9.30874756e+02,
          1.46556412e+02 ]
sample_6:
   jequitaia: !!opencv-matrix
      rows: 24
      cols: 1
      dt: "2f"
      data: [ 8.05255005e+02, 2.91502319e+02, 7.50497681e+02,
          3.05996887e+02, 7.34392578e+02, 3.73638306e+02, 7.16676941e+02,
          4.20343109e+02, 6.69972168e+02, 4.87984528e+02, 6.31319946e+02,
          5.42741882e+02, 6.03941223e+02, 5.99109741e+02, 5.70120544e+02,
          6.68361633e+02, 5.66899536e+02, 7.24729492e+02, 6.08772766e+02,
          7.29561035e+02, 6.76414185e+02, 6.87687744e+02, 7.71434265e+02,
          6.15214844e+02, 8.39075684e+02, 5.55625977e+02, 8.84169983e+02,
          5.00868622e+02, 9.14769653e+02, 4.34837708e+02, 9.35706299e+02,
          3.84911896e+02, 9.75969055e+02, 3.33375580e+02, 1.00656873e+03,
          2.96333832e+02, 1.01945282e+03, 2.52850067e+02, 1.03233691e+03,
          1.94871704e+02, 1.02428430e+03, 1.41724884e+02, 9.48590393e+02,
          1.32061813e+02, 8.53570312e+02, 2.10976807e+02, 8.29412659e+02,
          2.54460587e+02 ]
sample_7:
   jequitaia: !!opencv-matrix
      rows: 26
      cols: 1
      dt: "2f"
      data: [ 7.26340027e+02, 4.17122101e+02, 6.74803711e+02,
          4.75100464e+02, 6.39372498e+02, 5.36299805e+02, 6.07162292e+02,
          5.95888672e+02, 5.74952087e+02, 6.65140625e+02, 5.57236450e+02,
          7.34392578e+02, 6.05551758e+02, 7.34392578e+02, 6.37761963e+02,
          7.05403381e+02, 6.92519287e+02, 6.74803711e+02, 7.81097351e+02,
          6.10383301e+02, 8.24581116e+02, 5.68510010e+02, 877., 499.,
          915., 447., 943., 395., 988., 334., 1014., 274., 1033., 223.,
          1039., 183., 1044., 149., 1005., 138., 954., 139., 925., 180.,
          867., 243., 823., 288., 777., 301., 738., 377. ]
sample_8:
   jequitaia: !!opencv-matrix
      rows: 33
      cols: 1
      dt: "2f"
      data: [ 570., 677., 553., 703., 569., 727., 597., 723., 649., 696.,
          703., 670., 759., 625., 822., 583., 865., 523., 895., 475.,
          916., 430., 954., 383., 997., 331., 1031., 289., 1038., 238.,
          1044., 192., 1041., 159., 1016., 145., 958., 154., 938., 182.,
          895., 215., 870., 222., 835., 278., 803., 295., 764., 297.,
          741., 322., 742., 351., 737., 389., 722., 419., 670., 481.,
          621., 543., 603., 588., 590., 620. ]
