%YAML:1.0
sample_0:
   ferry: !!opencv-matrix
      rows: 4
      cols: 1
      dt: "2f"
      data: [ 8.56507568e+02, 1.79138840e+02, 6.78768250e+02,
          3.29354218e+02, 7.76268311e+02, 4.22655701e+02, 9.60538696e+02,
          2.55179535e+02 ]
sample_1:
   ferry: !!opencv-matrix
      rows: 4
      cols: 1
      dt: "2f"
      data: [ 8.54174988e+02, 1.89868500e+02, 6.84366333e+02,
          3.33552765e+02, 7.76268311e+02, 4.22189178e+02, 9.61471741e+02,
          2.66375702e+02 ]
sample_2:
   ferry: !!opencv-matrix
      rows: 4
      cols: 1
      dt: "2f"
      data: [ 9.77799438e+02, 2.74306335e+02, 7.93995544e+02,
          4.24055206e+02, 7.08158203e+02, 3.34485779e+02, 8.90562561e+02,
          1.78205826e+02 ]
sample_3:
   ferry: !!opencv-matrix
      rows: 4
      cols: 1
      dt: "2f"
      data: [ 7.21686890e+02, 3.21423584e+02, 8.11256348e+02,
          4.27320770e+02, 9.95526733e+02, 2.87835052e+02, 9.10155884e+02,
          1.87535965e+02 ]
sample_4:
   ferry: !!opencv-matrix
      rows: 4
      cols: 1
      dt: "2f"
      data: [ 7.38481201e+02, 3.29820709e+02, 8.26651062e+02,
          4.29653290e+02, 1.01325403e+03, 2.90634094e+02, 9.18181824e+02,
          1.94545456e+02 ]
sample_5:
   ferry: !!opencv-matrix
      rows: 4
      cols: 1
      dt: "2f"
      data: [ 7.60909119e+02, 3.10909088e+02, 8.42727295e+02,
          4.27272736e+02, 1.04181824e+03, 3.04545441e+02, 9.57272705e+02,
          1.91818176e+02 ]
sample_6:
   ferry: !!opencv-matrix
      rows: 4
      cols: 1
      dt: "2f"
      data: [ 9.78265991e+02, 2.01997696e+02, 7.65538635e+02,
          3.07894867e+02, 8.52308960e+02, 4.32918854e+02, 1.07343347e+03,
          3.12093445e+02 ]
sample_7:
   ferry: !!opencv-matrix
      rows: 4
      cols: 1
      dt: "2f"
      data: [ 1.03144788e+03, 2.03863724e+02, 7.99593628e+02,
          3.19557556e+02, 8.76100830e+02, 4.39449951e+02, 1.11075403e+03,
          3.19557556e+02 ]
sample_8:
   ferry: !!opencv-matrix
      rows: 4
      cols: 1
      dt: "2f"
      data: [ 1.05727271e+03, 2.15454544e+02, 8.29090881e+02,
          3.16363647e+02, 8.91818176e+02, 4.44545441e+02, 1.11909094e+03,
          3.48181824e+02 ]
sample_9:
   ferry: !!opencv-matrix
      rows: 4
      cols: 1
      dt: "2f"
      data: [ 1.09454541e+03, 2.36363632e+02, 8.58181824e+02, 330.,
          9.21818176e+02, 4.58181824e+02, 1.15181824e+03, 3.65454559e+02 ]
sample_10:
   ferry: !!opencv-matrix
      rows: 4
      cols: 1
      dt: "2f"
      data: [ 1.09727271e+03, 2.34545456e+02, 8.66363647e+02,
          3.27272736e+02, 9.39090881e+02, 460., 1.16636365e+03,
          3.81818176e+02 ]
sample_11:
   ferry: !!opencv-matrix
      rows: 4
      cols: 1
      dt: "2f"
      data: [ 1.14727271e+03, 2.57272736e+02, 9.16363647e+02,
          3.32727264e+02, 9.66363647e+02, 4.78181824e+02, 1.20909094e+03,
          400. ]
sample_12:
   ferry: !!opencv-matrix
      rows: 4
      cols: 1
      dt: "2f"
      data: [ 1150., 2.89090912e+02, 9.26363647e+02, 3.44545441e+02,
          9.73636353e+02, 4.84545441e+02, 1.20727271e+03, 4.20909088e+02 ]
sample_13:
   ferry: !!opencv-matrix
      rows: 4
      cols: 1
      dt: "2f"
      data: [ 9.39090881e+02, 3.80909088e+02, 9.82727295e+02,
          4.84545441e+02, 1.20636365e+03, 4.28181824e+02, 1.15090906e+03,
          3.20909088e+02 ]
sample_14:
   ferry: !!opencv-matrix
      rows: 4
      cols: 1
      dt: "2f"
      data: [ 1.18090906e+03, 3.12727264e+02, 9.61818176e+02,
          3.65454559e+02, 9.89090881e+02, 4.94545441e+02, 1.22272729e+03,
          4.34545441e+02 ]
sample_15:
   ferry: !!opencv-matrix
      rows: 4
      cols: 1
      dt: "2f"
      data: [ 1.19818176e+03, 330., 9.64545471e+02, 3.78181824e+02,
          1000., 4.98181824e+02, 1.24636365e+03, 450. ]
sample_16:
   ferry: !!opencv-matrix
      rows: 4
      cols: 1
      dt: "2f"
      data: [ 1.22818176e+03, 3.40909088e+02, 9.84545471e+02,
          3.76363647e+02, 1.00181818e+03, 5.04545441e+02, 1.25090906e+03,
          4.64545441e+02 ]
sample_17:
   ferry: !!opencv-matrix
      rows: 4
      cols: 1
      dt: "2f"
      data: [ 1.22636365e+03, 3.57272736e+02, 990., 3.85454559e+02,
          1.01272729e+03, 5.16363647e+02, 1.25090906e+03, 4.87272736e+02 ]
sample_18:
   ferry: !!opencv-matrix
      rows: 4
      cols: 1
      dt: "2f"
      data: [ 1.23545459e+03, 3.61818176e+02, 1.00090912e+03,
          3.82727264e+02, 1.01545453e+03, 5.12727295e+02, 1.26090906e+03,
          4.92727264e+02 ]
sample_19:
   ferry: !!opencv-matrix
      rows: 4
      cols: 1
      dt: "2f"
      data: [ 1.00545453e+03, 3.90909088e+02, 1.01909088e+03,
          5.24545471e+02, 1.27454541e+03, 5.05454559e+02, 1.25727271e+03,
          3.66363647e+02 ]
sample_20:
   ferry: !!opencv-matrix
      rows: 4
      cols: 1
      dt: "2f"
      data: [ 1260., 3.69090912e+02, 1.00818182e+03, 3.99090912e+02,
          1.02545459e+03, 5.28181824e+02, 1.27818176e+03, 500. ]
sample_21:
   ferry: !!opencv-matrix
      rows: 4
      cols: 1
      dt: "2f"
      data: [ 1.25545459e+03, 3.84545441e+02, 1.00545453e+03,
          4.08181824e+02, 1.02545459e+03, 5.31818176e+02, 1.27454541e+03,
          5.09090912e+02 ]
sample_22:
   ferry: !!opencv-matrix
      rows: 4
      cols: 1
      dt: "2f"
      data: [ 1.24636365e+03, 3.82727264e+02, 9.99090881e+02,
          3.98181824e+02, 1010., 5.24545471e+02, 1.27181824e+03,
          5.07272736e+02 ]
sample_23:
   ferry: !!opencv-matrix
      rows: 4
      cols: 1
      dt: "2f"
      data: [ 9.95454529e+02, 4.04545441e+02, 1.25090906e+03,
          3.73636353e+02, 1.26636365e+03, 5.03636353e+02, 1.01727271e+03,
          5.21818176e+02 ]
sample_24:
   ferry: !!opencv-matrix
      rows: 4
      cols: 1
      dt: "2f"
      data: [ 9.89090881e+02, 4.02727264e+02, 1.24090906e+03,
          3.68181824e+02, 1.24909094e+03, 4.99090912e+02, 1.00818182e+03,
          5.21818176e+02 ]
sample_25:
   ferry: !!opencv-matrix
      rows: 4
      cols: 1
      dt: "2f"
      data: [ 9.75454529e+02, 4.05454559e+02, 1.00818182e+03,
          5.22727295e+02, 1.27545459e+03, 4.82727264e+02, 1.24272729e+03,
          3.58181824e+02 ]
sample_26:
   ferry: !!opencv-matrix
      rows: 4
      cols: 1
      dt: "2f"
      data: [ 9.69090881e+02, 4.02727264e+02, 9.97272705e+02,
          5.19090881e+02, 1.25272729e+03, 4.80909088e+02, 1220.,
          3.59090912e+02 ]
sample_27:
   ferry: !!opencv-matrix
      rows: 4
      cols: 1
      dt: "2f"
      data: [ 9.60909119e+02, 3.98181824e+02, 9.91818176e+02,
          5.15454529e+02, 1.26181824e+03, 4.69090912e+02, 1.20909094e+03,
          3.41818176e+02 ]
sample_28:
   ferry: !!opencv-matrix
      rows: 4
      cols: 1
      dt: "2f"
      data: [ 9.54545471e+02, 3.93636353e+02, 9.80909119e+02,
          5.16363647e+02, 1.22545459e+03, 4.66363647e+02, 1.20090906e+03,
          3.45454559e+02 ]
sample_29:
   ferry: !!opencv-matrix
      rows: 4
      cols: 1
      dt: "2f"
      data: [ 9.42727295e+02, 3.86363647e+02, 9.73636353e+02,
          5.11818176e+02, 1.21272729e+03, 4.54545441e+02, 1.19090906e+03,
          340. ]
sample_30:
   ferry: !!opencv-matrix
      rows: 4
      cols: 1
      dt: "2f"
      data: [ 9.37272705e+02, 3.92727264e+02, 9.70909119e+02,
          5.09090912e+02, 1.22090906e+03, 4.48181824e+02, 1.17909094e+03,
          3.27272736e+02 ]
sample_31:
   ferry: !!opencv-matrix
      rows: 4
      cols: 1
      dt: "2f"
      data: [ 9.28181824e+02, 3.84545441e+02, 9.71818176e+02,
          5.09090912e+02, 1.21636365e+03, 4.51818176e+02, 1.17636365e+03,
          320. ]
sample_32:
   ferry: !!opencv-matrix
      rows: 4
      cols: 1
      dt: "2f"
      data: [ 920., 3.79090912e+02, 9.63636353e+02, 5.06363647e+02,
          1.19272729e+03, 4.51818176e+02, 1.17363635e+03, 3.27272736e+02 ]
