%YAML:1.0
sample_0:
   ferry: !!opencv-matrix
      rows: 4
      cols: 1
      dt: "2f"
      data: [ 5.50508850e+02, 4.47373810e+02, 6.74817322e+02,
          5.03380920e+02, 7.97759705e+02, 2.99842896e+02, 6.90526611e+02,
          2.32907593e+02 ]
sample_1:
   ferry: !!opencv-matrix
      rows: 4
      cols: 1
      dt: "2f"
      data: [ 6.82330444e+02, 2.39737717e+02, 5.57338989e+02,
          4.49422852e+02, 6.65255127e+02, 5.00648865e+02, 7.92978638e+02,
          2.99159882e+02 ]
sample_2:
   ferry: !!opencv-matrix
      rows: 4
      cols: 1
      dt: "2f"
      data: [ 6.75500305e+02, 2.32907593e+02, 5.50508850e+02,
          4.48056824e+02, 6.64572083e+02, 5.01331879e+02, 7.87514526e+02,
          2.97110840e+02 ]
sample_3:
   ferry: !!opencv-matrix
      rows: 4
      cols: 1
      dt: "2f"
      data: [ 6.54789734e+02, 2.31434311e+02, 5.41381836e+02,
          4.54658081e+02, 6.60434509e+02, 5.07513367e+02, 7.81539795e+02,
          2.88394867e+02 ]
sample_4:
   ferry: !!opencv-matrix
      rows: 4
      cols: 1
      dt: "2f"
      data: [ 6.51710815e+02, 2.37079056e+02, 5.37276550e+02,
          4.49526520e+02, 6.53250305e+02, 5.03921265e+02, 7.66658203e+02,
          3.00710663e+02 ]
sample_5:
   ferry: !!opencv-matrix
      rows: 4
      cols: 1
      dt: "2f"
      data: [ 650., 232., 533., 458., 6.54043335e+02, 5.06160522e+02,
          7.61340027e+02, 2.98098206e+02 ]
sample_6:
   ferry: !!opencv-matrix
      rows: 4
      cols: 1
      dt: "2f"
      data: [ 6.49254883e+02, 2.39422379e+02, 5.36290710e+02,
          4.53013367e+02, 6.55038025e+02, 5.00049652e+02, 7.69929932e+02,
          2.92627350e+02 ]
sample_7:
   ferry: !!opencv-matrix
      rows: 4
      cols: 1
      dt: "2f"
      data: [ 6.48862793e+02, 2.37005676e+02, 5.38604004e+02,
          4.49119385e+02, 6.57741943e+02, 4.99965851e+02, 7.71805176e+02,
          2.91646759e+02 ]
sample_8:
   ferry: !!opencv-matrix
      rows: 4
      cols: 1
      dt: "2f"
      data: [ 6.55302917e+02, 2.31434311e+02, 5.39329163e+02,
          4.47987030e+02, 6.56842407e+02, 5.00329163e+02, 7.77947693e+02,
          2.85829071e+02 ]
sample_9:
   ferry: !!opencv-matrix
      rows: 4
      cols: 1
      dt: "2f"
      data: [ 657., 237., 543., 447., 659., 498., 768., 290. ]
