%YAML:1.0
sample_0:
   jequitaia: !!opencv-matrix
      rows: 31
      cols: 1
      dt: "2f"
      data: [ 352., 4.56500000e+02, 3.88299988e+02, 4.68600006e+02,
          4.54299988e+02, 4.66399994e+02, 5.45599976e+02, 4.25700012e+02,
          5.91799988e+02, 4.02600006e+02, 6.77599976e+02, 3.70700012e+02,
          7.73299988e+02, 3.02500000e+02, 8.48099976e+02, 2.48600006e+02,
          8.96500000e+02, 2.12300003e+02, 9.52599976e+02, 1.89199997e+02,
          968., 1.72699997e+02, 1.01420001e+03, 1.27599998e+02,
          1.04830005e+03, 8.14000015e+01, 1.05819995e+03, 5.39000015e+01,
          1.05159998e+03, 2.75000000e+01, 9.65799988e+02, 2.63999996e+01,
          8.82200012e+02, 5.82999992e+01, 836., 8.03000031e+01,
          7.71099976e+02, 1.18800003e+02, 726., 1.44100006e+02,
          6.84200012e+02, 1.67199997e+02, 6.54500000e+02, 1.89199997e+02,
          6.17099976e+02, 2.07899994e+02, 5.87400024e+02, 2.26600006e+02,
          5.63200012e+02, 2.44199997e+02, 5.34599976e+02, 2.66200012e+02,
          4.89500000e+02, 2.95899994e+02, 4.60899994e+02, 3.23399994e+02,
          4.23500000e+02, 3.56399994e+02, 3.89399994e+02, 3.82799988e+02,
          3.68500000e+02, 4.19100006e+02 ]
sample_1:
   jequitaia: !!opencv-matrix
      rows: 20
      cols: 1
      dt: "2f"
      data: [ 3.80600006e+02, 4.54299988e+02, 4.70799988e+02,
          4.48799988e+02, 5.90700012e+02, 4.19100006e+02, 7.06200012e+02,
          3.59700012e+02, 8.11799988e+02, 2.94799988e+02, 9.25099976e+02,
          2.18899994e+02, 1.00540002e+03, 1.78199997e+02, 1.08350000e+03,
          8.58000031e+01, 1089., 44., 9.81200012e+02, 4.29000015e+01,
          9.07500000e+02, 6.70999985e+01, 8.29400024e+02, 1.07800003e+02,
          7.56799988e+02, 1.38600006e+02, 6.89700012e+02, 1.79300003e+02,
          6.46799988e+02, 2.02399994e+02, 5.75299988e+02, 2.45300003e+02,
          5.40099976e+02, 2.69500000e+02, 4.79600006e+02, 3.10200012e+02,
          4.27899994e+02, 3.56399994e+02, 3.79500000e+02, 4.08100006e+02 ]
sample_2:
   jequitaia: !!opencv-matrix
      rows: 26
      cols: 1
      dt: "2f"
      data: [ 4.01500000e+02, 4.16899994e+02, 4.26799988e+02,
          4.23500000e+02, 473., 4.27899994e+02, 539., 4.26799988e+02,
          5.92900024e+02, 4.16899994e+02, 6.78700012e+02, 385.,
          7.27099976e+02, 363., 7.98599976e+02, 319., 8.60200012e+02,
          2.91500000e+02, 9.31700012e+02, 253., 9.92200012e+02,
          2.23300003e+02, 1.06590002e+03, 1.49600006e+02, 1.10109998e+03,
          9.35000000e+01, 1.11869995e+03, 5.39000015e+01, 1.09669995e+03,
          3.74000015e+01, 1.04169995e+03, 3.85000000e+01, 968.,
          6.93000031e+01, 9.17400024e+02, 88., 8.22799988e+02,
          1.19900002e+02, 7.55700012e+02, 1.58399994e+02, 6.89700012e+02,
          2.01300003e+02, 6.19299988e+02, 2.26600006e+02, 5.53299988e+02,
          2.69500000e+02, 5.03799988e+02, 3.11299988e+02, 4.55399994e+02,
          3.50899994e+02, 4.13600006e+02, 385. ]
sample_3:
   jequitaia: !!opencv-matrix
      rows: 29
      cols: 1
      dt: "2f"
      data: [ 4.45500000e+02, 3.94899994e+02, 4.67500000e+02,
          4.05899994e+02, 5.04899994e+02, 4.09200012e+02, 5.56599976e+02,
          4.03700012e+02, 6.09400024e+02, 3.98200012e+02, 6.78700012e+02,
          3.81700012e+02, 7.24900024e+02, 363., 7.88700012e+02,
          3.43200012e+02, 8.33799988e+02, 319., 8.95400024e+02,
          2.89299988e+02, 9.59200012e+02, 2.56299988e+02, 1.04940002e+03,
          209., 1.09009998e+03, 1.89199997e+02, 1.16159998e+03,
          1.25400002e+02, 1.18690002e+03, 9.24000015e+01, 1.20340002e+03,
          66., 1.19019995e+03, 5.72000008e+01, 1.11540002e+03,
          5.27999992e+01, 1.01309998e+03, 7.36999969e+01, 9.07500000e+02,
          1.04500000e+02, 8.53599976e+02, 1.24300003e+02, 7.99700012e+02,
          1.48500000e+02, 7.34799988e+02, 1.83699997e+02, 6.94099976e+02,
          2.06800003e+02, 6.35799988e+02, 2.36500000e+02, 5.89599976e+02,
          2.66200012e+02, 5.33500000e+02, 3.06899994e+02, 4.87299988e+02,
          3.36600006e+02, 4.58700012e+02, 3.65200012e+02 ]
sample_4:
   jequitaia: !!opencv-matrix
      rows: 25
      cols: 1
      dt: "2f"
      data: [ 4.59799988e+02, 3.77299988e+02, 5.30200012e+02, 396.,
          5.78599976e+02, 3.97100006e+02, 6.36900024e+02, 3.98200012e+02,
          7.21599976e+02, 3.86100006e+02, 7.77700012e+02, 3.70700012e+02,
          8.53599976e+02, 3.31100006e+02, 9.07500000e+02, 3.15700012e+02,
          9.84500000e+02, 2.77200012e+02, 1.03730005e+03, 2.54100006e+02,
          1.09669995e+03, 2.36500000e+02, 1.14069995e+03, 209.,
          1.19680005e+03, 1.60600006e+02, 1.23750000e+03, 1.19900002e+02,
          1221., 1.02300003e+02, 1.17369995e+03, 9.13000031e+01,
          1.09450000e+03, 8.58000031e+01, 1.01750000e+03, 8.69000015e+01,
          9.18500000e+02, 1.18800003e+02, 858., 1.47399994e+02,
          7.90900024e+02, 1.68300003e+02, 6.99599976e+02, 1.94699997e+02,
          6.46799988e+02, 2.29899994e+02, 5.33500000e+02, 2.84899994e+02,
          4.74100006e+02, 3.35500000e+02 ]
sample_5:
   jequitaia: !!opencv-matrix
      rows: 21
      cols: 1
      dt: "2f"
      data: [ 4.89500000e+02, 3.58600006e+02, 5.26900024e+02,
          3.69600006e+02, 5.68700012e+02, 3.70700012e+02, 6.61099976e+02,
          3.75100006e+02, 7.20500000e+02, 3.72899994e+02, 8.05200012e+02,
          3.55299988e+02, 8.67900024e+02, 3.34399994e+02, 9.38299988e+02,
          3.21200012e+02, 9.86700012e+02, 2.93700012e+02, 1.05050000e+03,
          2.71700012e+02, 1.14069995e+03, 2.36500000e+02, 1.20559998e+03,
          2.11199997e+02, 1.22759998e+03, 1.37500000e+02, 1.14619995e+03,
          9.68000031e+01, 1.08790002e+03, 1.14400002e+02, 9.85599976e+02,
          1.36399994e+02, 9.33900024e+02, 1.59500000e+02, 8.63500000e+02,
          1.66100006e+02, 6.57799988e+02, 2.32100006e+02, 5.10399994e+02,
          3.00299988e+02, 4.89500000e+02, 3.37700012e+02 ]
sample_6:
   jequitaia: !!opencv-matrix
      rows: 22
      cols: 1
      dt: "2f"
      data: [ 5.47573425e+02, 3.26494293e+02, 6.04673279e+02,
          3.60168610e+02, 6.88127014e+02, 3.70417297e+02, 7.71580688e+02,
          3.71881409e+02, 8.27216492e+02, 3.61632690e+02, 9.22382996e+02,
          3.52848114e+02, 9.70698303e+02, 3.35278900e+02, 1.03511865e+03,
          3.19173798e+02, 1.07757764e+03, 3.05996887e+02, 1.13760571e+03,
          2.92820007e+02, 1.18738513e+03, 2.63537994e+02, 1.27962341e+03,
          2.13758606e+02, 1.29865674e+03, 1.71299698e+02, 1.28987207e+03,
          1.36161301e+02, 1.24155676e+03, 1.22984398e+02, 1.12442883e+03,
          1.34697205e+02, 1.03658276e+03, 1.47874100e+02, 9.83875183e+02,
          1.66907394e+02, 8.50642090e+02, 1.88868896e+02, 7.87685791e+02,
          2.10830399e+02, 6.52988586e+02, 2.50361099e+02, 5.88568176e+02,
          2.78178986e+02 ]
sample_7:
   jequitaia: !!opencv-matrix
      rows: 25
      cols: 1
      dt: "2f"
      data: [ 6.16386108e+02, 3.10389191e+02, 6.39811707e+02,
          3.36743011e+02, 6.91055176e+02, 3.55776306e+02, 7.29121826e+02,
          3.63096802e+02, 8.03790894e+02, 3.61632690e+02, 8.76995911e+02,
          3.64560913e+02, 9.58985474e+02, 3.52848114e+02, 1.01022900e+03,
          3.42599396e+02, 1.08489807e+03, 3.27958405e+02, 1.17128003e+03,
          3.13317413e+02, 1.24155676e+03, 3.00140503e+02, 1.29133618e+03,
          2.91355896e+02, 1.35429248e+03, 2.67930298e+02, 1.38796680e+03,
          2.37184204e+02, 1.40992834e+03, 2.04973999e+02, 1.38943091e+03,
          1.81548401e+02, 1.33965149e+03, 1.59586899e+02, 1.22252356e+03,
          1.53730499e+02, 1.14346216e+03, 1.46410004e+02, 1.04975964e+03,
          1.56658707e+02, 9.83875183e+02, 1.75692001e+02, 9.09206116e+02,
          2.00581696e+02, 8.06719116e+02, 2.16686798e+02, 6.99839783e+02,
          2.45968796e+02, 6.42739929e+02, 2.79643097e+02 ]
