%YAML:1.0
sample_0:
   jequitaia: !!opencv-matrix
      rows: 30
      cols: 1
      dt: "2f"
      data: [ 844., 107., 822., 162., 812., 232., 809., 305., 802., 361.,
          823., 396., 827., 444., 843., 506., 859., 536., 879., 589.,
          889., 661., 922., 722., 1004., 840., 1051., 850., 1067., 798.,
          1076., 752., 1079., 702., 1068., 654., 1060., 617., 1058.,
          586., 1051., 559., 1038., 492., 1025., 452., 1019., 409.,
          1002., 357., 974., 274., 951., 216., 935., 176., 903., 136.,
          882., 120. ]
sample_1:
   jequitaia: !!opencv-matrix
      rows: 35
      cols: 1
      dt: "2f"
      data: [ 839., 133., 827., 160., 821., 195., 810., 235., 801., 289.,
          812., 337., 811., 379., 824., 442., 844., 479., 856., 525.,
          869., 566., 876., 585., 886., 632., 892., 657., 901., 693.,
          911., 719., 931., 748., 952., 780., 974., 808., 992., 828.,
          1025., 851., 1047., 847., 1066., 805., 1067., 731., 1070.,
          671., 1062., 614., 1043., 534., 1036., 481., 1029., 433.,
          1014., 366., 998., 318., 977., 265., 949., 219., 908., 169.,
          874., 135. ]
sample_2:
   jequitaia: !!opencv-matrix
      rows: 28
      cols: 1
      dt: "2f"
      data: [ 821., 159., 802., 236., 804., 302., 818., 364., 839., 437.,
          839., 468., 850., 511., 869., 552., 894., 653., 925., 733.,
          966., 795., 1008., 844., 1028., 856., 1050., 844., 1069., 795.,
          1073., 727., 1064., 680., 1055., 615., 1045., 538., 1038.,
          491., 1026., 434., 1009., 388., 1002., 347., 979., 273., 964.,
          227., 939., 186., 900., 151., 849., 135. ]
sample_3:
   jequitaia: !!opencv-matrix
      rows: 33
      cols: 1
      dt: "2f"
      data: [ 855., 128., 8.40106567e+02, 1.65165070e+02, 8.27067200e+02,
          2.19185226e+02, 8.17132446e+02, 2.74447235e+02, 8.12786011e+02,
          3.05493286e+02, 8.18995239e+02, 3.58892517e+02, 8.26446289e+02,
          4.14154510e+02, 8.34518250e+02, 4.86802307e+02, 8.43832092e+02,
          5.31508667e+02, 8.50041321e+02, 5.51999084e+02, 8.91022095e+02,
          6.60039368e+02, 9.02819580e+02, 7.07850281e+02, 9.31381958e+02,
          7.50072937e+02, 9.64911743e+02, 7.94158386e+02, 9.86023071e+02,
          8.28929993e+02, 1.01582727e+03, 8.55629578e+02, 1.05556628e+03,
          8.45694824e+02, 1.06922656e+03, 8.16511536e+02, 1.07357300e+03,
          7.45105591e+02, 1.06860559e+03, 6.77425171e+02, 1.06177551e+03,
          6.37065308e+02, 1.05308252e+03, 6.01051819e+02, 1.04935706e+03,
          5.55724609e+02, 1.05121985e+03, 5.13501953e+02, 1.03197119e+03,
          4.59481781e+02, 1.02886658e+03, 4.42716888e+02, 1.01831097e+03,
          3.93043182e+02, 1.00961804e+03, 3.62618042e+02, 1.00465070e+03,
          3.34676605e+02, 9.94715942e+02, 2.79414581e+02, 9.68637268e+02,
          2.30982727e+02, 9.34486572e+02, 1.77583496e+02, 8.95989441e+02,
          1.33498077e+02 ]
sample_4:
   jequitaia: !!opencv-matrix
      rows: 21
      cols: 1
      dt: "2f"
      data: [ 8.60255432e+02, 1.30728775e+02, 8.36964661e+02,
          2.50939148e+02, 8.26446289e+02, 3.23065369e+02, 8.44477844e+02,
          4.37265228e+02, 8.63260681e+02, 5.22915100e+02, 8.94815918e+02,
          5.97295288e+02, 9.09842224e+02, 7.13749084e+02, 9.38392212e+02,
          7.63335815e+02, 1.01577759e+03, 8.61006775e+02, 1.04507886e+03,
          8.61758057e+02, 1.05860254e+03, 8.17430481e+02, 1.07663416e+03,
          7.43050354e+02, 1.05935388e+03, 6.44628113e+02, 1.04883545e+03,
          5.52216370e+02, 1.03681445e+03, 4.83846741e+02, 1.03305786e+03,
          4.62058594e+02, 1.02554468e+03, 3.68144257e+02, 9.96994751e+02,
          2.88504883e+02, 9.61682922e+02, 2.10368149e+02, 9.27873779e+02,
          1.55522171e+02, 8.79038330e+02, 1.25469574e+02 ]
sample_5:
   jequitaia: !!opencv-matrix
      rows: 20
      cols: 1
      dt: "2f"
      data: [ 8.75599976e+02, 1.34199997e+02, 8.56900024e+02,
          2.03500000e+02, 8.38200012e+02, 2.93700012e+02, 8.32700012e+02,
          3.82799988e+02, 8.44799988e+02, 4.57600006e+02, 8.70099976e+02,
          5.57700012e+02, 8.93200012e+02, 6.58900024e+02, 9.37200012e+02,
          7.63400024e+02, 1.00650000e+03, 8.48099976e+02, 1.02190002e+03,
          8.61299988e+02, 1.06919995e+03, 8.05200012e+02, 1.07469995e+03,
          7.16099976e+02, 1.06590002e+03, 6.07200012e+02, 1.05490002e+03,
          5.42299988e+02, 1.04940002e+03, 4.77399994e+02, 1.03619995e+03,
          4.21299988e+02, 1.01309998e+03, 319., 9.80099976e+02,
          2.28800003e+02, 9.33900024e+02, 1.57300003e+02, 9.00900024e+02,
          132. ]
sample_6:
   jequitaia: !!opencv-matrix
      rows: 21
      cols: 1
      dt: "2f"
      data: [ 9.08599976e+02, 1.49600006e+02, 880., 1.73800003e+02,
          8.55799988e+02, 2.40899994e+02, 8.42599976e+02, 3.16799988e+02,
          8.41500000e+02, 3.89399994e+02, 858., 5.23599976e+02,
          8.86599976e+02, 5.97299988e+02, 9.19599976e+02, 7.22700012e+02,
          9.69099976e+02, 8.11799988e+02, 1023., 8.70099976e+02,
          1.05159998e+03, 8.41500000e+02, 1.08240002e+03, 770.,
          1.08240002e+03, 6.75400024e+02, 1.07359998e+03, 6.01700012e+02,
          1.06809998e+03, 5.52200012e+02, 1.04940002e+03, 4.98299988e+02,
          1.03619995e+03, 440., 1034., 3.50899994e+02, 1.01750000e+03,
          2.82700012e+02, 9.98799988e+02, 2.29899994e+02, 9.41599976e+02,
          1.61699997e+02 ]
sample_7:
   jequitaia: !!opencv-matrix
      rows: 21
      cols: 1
      dt: "2f"
      data: [ 9.16299988e+02, 1.56199997e+02, 8.84400024e+02, 209.,
          8.65700012e+02, 3.17899994e+02, 8.71200012e+02, 4.22399994e+02,
          8.88799988e+02, 5.09299988e+02, 9.05299988e+02, 5.98400024e+02,
          9.26200012e+02, 7.22700012e+02, 9.66900024e+02, 7.85400024e+02,
          1.02519995e+03, 8.70099976e+02, 1.05050000e+03, 8.64599976e+02,
          1.08240002e+03, 8.08500000e+02, 1.08130005e+03, 7.53500000e+02,
          1.08459998e+03, 6.91900024e+02, 1.09559998e+03, 6.10500000e+02,
          1.08790002e+03, 539., 1.08130005e+03, 4.90600006e+02,
          1.06590002e+03, 4.22399994e+02, 1.05490002e+03, 3.64100006e+02,
          1.02740002e+03, 2.72799988e+02, 990., 1.92500000e+02,
          9.60299988e+02, 1.58399994e+02 ]
sample_8:
   jequitaia: !!opencv-matrix
      rows: 18
      cols: 1
      dt: "2f"
      data: [ 9.40500000e+02, 1.47399994e+02, 9.08599976e+02, 231.,
          8.94299988e+02, 2.98100006e+02, 8.88799988e+02, 3.82799988e+02,
          8.92099976e+02, 4.41100006e+02, 9.09700012e+02, 5.43400024e+02,
          9.20700012e+02, 6.21500000e+02, 9.39400024e+02, 7.16099976e+02,
          9.82299988e+02, 8.01900024e+02, 1.02079999e+03, 869.,
          1.04719995e+03, 8.73400024e+02, 1.08130005e+03, 8.27200012e+02,
          1.09340002e+03, 6.99599976e+02, 1.08680005e+03, 5.74200012e+02,
          1078., 4.38899994e+02, 1.06040002e+03, 3.15700012e+02,
          1.01640002e+03, 2.05699997e+02, 9.71299988e+02, 1.41899994e+02 ]
sample_9:
   jequitaia: !!opencv-matrix
      rows: 23
      cols: 1
      dt: "2f"
      data: [ 9.39400024e+02, 7.08400024e+02, 9.62500000e+02,
          7.65599976e+02, 990., 8.04099976e+02, 1.01640002e+03,
          8.48099976e+02, 1.04059998e+03, 8.74500000e+02, 1.07359998e+03,
          8.54700012e+02, 1.10219995e+03, 7.61200012e+02, 1.09559998e+03,
          638., 1.10550000e+03, 5.89599976e+02, 1.10769995e+03,
          5.23599976e+02, 1.09230005e+03, 4.36700012e+02, 1.09230005e+03,
          3.94899994e+02, 1.06809998e+03, 2.78299988e+02, 1045., 209.,
          1.00759998e+03, 1.41899994e+02, 9.77900024e+02, 1.13300003e+02,
          9.30599976e+02, 1.23199997e+02, 8.95400024e+02, 2.00199997e+02,
          902., 3.25600006e+02, 9.06400024e+02, 4.09200012e+02,
          9.08599976e+02, 5.03799988e+02, 9.22900024e+02, 6.06099976e+02,
          9.36099976e+02, 6.72099976e+02 ]
