%YAML:1.0
sample_0:
   ferry: !!opencv-matrix
      rows: 4
      cols: 1
      dt: "2f"
      data: [ 6.88599976e+02, 9.89999962e+00, 5.96200012e+02,
          2.18899994e+02, 7.51299988e+02, 2.67299988e+02, 8.43521606e+02,
          3.34676590e+01 ]
sample_1:
   ferry: !!opencv-matrix
      rows: 4
      cols: 1
      dt: "2f"
      data: [ 6.48118713e+02, 2.27842209e+02, 7.73842468e+02,
          2.66842224e+02, 8.64158264e+02, 4.97763367e+01, 7.29197693e+02,
          1.79605350e+01 ]
sample_2:
   ferry: !!opencv-matrix
      rows: 4
      cols: 1
      dt: "2f"
      data: [ 9.00592468e+02, 4.25921249e+01, 7.85645081e+02,
          2.66842224e+02, 6.64026611e+02, 2.23223785e+02, 7.72302979e+02,
          7.69737196e+00 ]
sample_3:
   ferry: !!opencv-matrix
      rows: 4
      cols: 1
      dt: "2f"
      data: [ 6.86092407e+02, 2.20657990e+02, 8.11302979e+02,
          2.70434326e+02, 9.27789856e+02, 4.46447563e+01, 7.98474060e+02,
          4.10526514e+00 ]
sample_4:
   ferry: !!opencv-matrix
      rows: 4
      cols: 1
      dt: "2f"
      data: [ 9.54474121e+02, 4.72105484e+01, 8.30289856e+02,
          2.73000122e+02, 7.04052917e+02, 2.15526413e+02, 8.17974060e+02,
          6.15789747e+00 ]
sample_5:
   ferry: !!opencv-matrix
      rows: 4
      cols: 1
      dt: "2f"
      data: [ 8.34395081e+02, 2.92500134e+01, 7.24066101e+02,
          2.17579041e+02, 8.44658264e+02, 2.74539581e+02, 9.67303040e+02,
          7.44079285e+01 ]
sample_6:
   ferry: !!opencv-matrix
      rows: 4
      cols: 1
      dt: "2f"
      data: [ 8.65184570e+02, 1.84736919e+01, 7.41513489e+02,
          2.18092194e+02, 8.56974060e+02, 2.74539581e+02, 9.83210938e+02,
          7.69737167e+01 ]
sample_7:
   ferry: !!opencv-matrix
      rows: 4
      cols: 1
      dt: "2f"
      data: [ 8.91355652e+02, 1.95000076e+01, 7.58960876e+02,
          2.17065887e+02, 8.75960938e+02, 2.81210663e+02, 1.00886884e+03,
          7.33816147e+01 ]
sample_8:
   ferry: !!opencv-matrix
      rows: 4
      cols: 1
      dt: "2f"
      data: [ 9.05210938e+02, 3.84868584e+01, 7.72302979e+02,
          2.18605362e+02, 8.88789856e+02, 2.79671173e+02, 1.02375043e+03,
          8.62105637e+01 ]
sample_9:
   ferry: !!opencv-matrix
      rows: 4
      cols: 1
      dt: "2f"
      data: [ 9.32921448e+02, 3.43815956e+01, 7.92316162e+02,
          2.19631668e+02, 9.09316162e+02, 2.87368561e+02, 1.06582947e+03,
          8.00526657e+01 ]
sample_10:
   ferry: !!opencv-matrix
      rows: 4
      cols: 1
      dt: "2f"
      data: [ 9.53960938e+02, 4.00263329e+01, 8.12842468e+02,
          2.15013245e+02, 9.29329346e+02, 2.93013275e+02, 1.07814526e+03,
          9.69868851e+01 ]
sample_11:
   ferry: !!opencv-matrix
      rows: 4
      cols: 1
      dt: "2f"
      data: [ 9.79618835e+02, 3.74605408e+01, 8.32855652e+02,
          2.27329041e+02, 9.42671448e+02, 2.98144867e+02, 1.09661890e+03,
          1.10328995e+02 ]
sample_12:
   ferry: !!opencv-matrix
      rows: 4
      cols: 1
      dt: "2f"
      data: [ 9.99632019e+02, 4.36184387e+01, 8.49276672e+02,
          2.24763260e+02, 9.51395142e+02, 3.00197510e+02, 1.12022412e+03,
          1.14947418e+02 ]
sample_13:
   ferry: !!opencv-matrix
      rows: 4
      cols: 1
      dt: "2f"
      data: [ 1.01810571e+03, 4.05394897e+01, 8.54408264e+02,
          2.24250092e+02, 9.65250427e+02, 3.11486969e+02, 1.13972412e+03,
          1.18539528e+02 ]
sample_14:
   ferry: !!opencv-matrix
      rows: 4
      cols: 1
      dt: "2f"
      data: [ 1.04017151e+03, 4.66973877e+01, 8.61592468e+02,
          2.21171143e+02, 9.66276733e+02, 3.12513306e+02, 1.14126367e+03,
          1.40605331e+02 ]
sample_15:
   ferry: !!opencv-matrix
      rows: 4
      cols: 1
      dt: "2f"
      data: [ 1.05146094e+03, 5.18289680e+01, 8.78526672e+02,
          2.15526413e+02, 9.82697815e+02, 3.13539612e+02, 1.15871106e+03,
          1.44710587e+02 ]
sample_16:
   ferry: !!opencv-matrix
      rows: 4
      cols: 1
      dt: "2f"
      data: [ 1.04774268e+03, 6.96673737e+01, 8.94747620e+02,
          2.30175537e+02, 1.00676184e+03, 3.23748383e+02, 1.16317188e+03,
          1.65289261e+02 ]
sample_17:
   ferry: !!opencv-matrix
      rows: 4
      cols: 1
      dt: "2f"
      data: [ 1.08940649e+03, 6.01051826e+01, 8.99528748e+02,
          2.19930328e+02, 1.01085992e+03, 3.26480438e+02, 1.21303186e+03,
          1.40017761e+02 ]
sample_18:
   ferry: !!opencv-matrix
      rows: 4
      cols: 1
      dt: "2f"
      data: [ 1.10989685e+03, 6.89843597e+01, 9.22068176e+02,
          2.28126495e+02, 1.01973907e+03, 3.31944550e+02, 1.23079028e+03,
          1.42066803e+02 ]
sample_19:
   ferry: !!opencv-matrix
      rows: 4
      cols: 1
      dt: "2f"
      data: [ 1.12902124e+03, 7.85465469e+01, 9.32996399e+02,
          2.34956635e+02, 1.03066736e+03, 3.33993591e+02, 1.23693738e+03,
          1.60508163e+02 ]
sample_20:
   ferry: !!opencv-matrix
      rows: 4
      cols: 1
      dt: "2f"
      data: [ 1.14541357e+03, 9.01577759e+01, 9.39143494e+02,
          2.30858551e+02, 1.03544836e+03, 3.31944550e+02, 1.25811084e+03,
          1.68704330e+02 ]
sample_21:
   ferry: !!opencv-matrix
      rows: 4
      cols: 1
      dt: "2f"
      data: [ 1.15429272e+03, 1.03135033e+02, 9.47339661e+02,
          2.29492523e+02, 1.04364453e+03, 3.42872742e+02, 1.25469568e+03,
          1.91926788e+02 ]
sample_22:
   ferry: !!opencv-matrix
      rows: 4
      cols: 1
      dt: "2f"
      data: [ 1.17410010e+03, 9.35728455e+01, 9.73294189e+02,
          2.56813049e+02, 1.06686707e+03, 3.52434937e+02, 1.27518616e+03,
          1.90560760e+02 ]
sample_23:
   ferry: !!opencv-matrix
      rows: 4
      cols: 1
      dt: "2f"
      data: [ 1.18366235e+03, 1.16112289e+02, 9.78075256e+02,
          2.56130035e+02, 1.07096509e+03, 3.54483978e+02, 1.27450305e+03,
          2.13783218e+02 ]
